Zodis                         Eilutes
--------------------------------------------------
act                           283 320 
africa                        401 416 
america                       402 406 418 418 
an                            270 271 280 320 414 416 416 
ancient                       295 399 399 417 
and                           279 283 284 284 295 295 295 295 296 302 328 348 366 398 401 402 404 405 406 406 407 409 410 414 414 416 417 418 418 418 418 418 419 419 
are                           270 271 279 280 295 399 
as                            284 300 320 320 
at                            325 409 409 
barclay                       300 397 
be                            267 319 
become                        296 320 
been                          284 295 320 
before                        279 328 
belief                        320 320 399 
berman                        301 301 
between                       295 296 
bregman                       345 396 
by                            295 295 
cambridge                     397 419 
century                       320 348 400 409 
charmé                       320 398 
chicago                       403 403 
cline                         282 399 
close                         296 409 
closely                       295 295 
conflict                      341 348 
contemporary                  406 418 418 
databank                      301 301 
david                         402 411 
day                           325 359 
december                      325 325 325 
descended                     284 399 
dowty                         270 271 280 288 400 
early                         397 417 
east                          401 416 
eli                           406 418 
encyclopedia                  328 401 416 416 
et                            272 275 276 297 300 315 316 
ethnic                        284 295 296 296 404 416 419 
faith                         295 406 418 418 
first                         283 320 331 
for                           336 337 402 
from                          284 399 399 415 
genetic                       367 413 
god                           295 417 
gordis                        315 316 402 
group                         284 296 296 333 
has                           296 320 
have                          284 295 320 
hebraeus                      22 24 
hebrew                        22 418 
heller                        315 316 402 
history                       283 337 363 391 396 413 415 417 418 
holocaust                     298 328 359 
horowitz                      332 339 403 
identity                      295 296 409 419 
iii                           386 416 
in                            270 271 280 283 284 295 295 296 300 302 302 320 320 356 366 397 404 405 406 406 418 418 418 
infobase                      284 401 
institute                     265 418 
international                 408 409 412 
introduction                  412 414 
is                            283 296 320 
isbn                          309 333 341 346 375 376 381 382 384 385 386 390 391 392 394 395 396 397 399 400 401 402 405 406 408 409 410 411 412 413 414 415 416 417 418 419 
israel                        284 302 302 366 366 396 399 406 418 418 
issn                          327 369 
it                            319 320 320 
its                           296 397 
jerusalem                     328 399 418 
jewish                        8 265 279 283 284 295 295 295 295 295 295 295 296 300 301 301 301 302 319 320 328 331 360 362 363 368 391 397 400 402 407 408 408 409 410 413 415 418 419 
jewry                         406 418 418 
jews                          267 279 399 419 
john                          397 397 416 
jones                         272 404 
judaeus                       15 23 
judaism                       286 398 405 406 418 418 
kingdom                       283 284 
krausz                        276 297 409 
kunin                         314 405 
la                            354 354 
law                           295 404 
lederhendler                  275 295 406 418 
litt                          273 407 
lowenstein                    299 408 
macmillan                     341 369 396 
mandate                       337 403 
mcmurdo                       300 397 
mendesflohr                   313 410 
middle                        401 416 
mindell                       322 411 
modern                        337 399 399 415 
nation                        270 271 279 280 295 
nations                       337 343 
new                           267 328 347 400 412 414 
news                          360 362 
nicholson                     279 287 412 
no                            302 302 343 
not                           296 320 
of                            270 271 279 280 283 283 284 284 284 295 295 295 295 296 302 320 320 320 325 325 328 336 337 348 359 363 366 391 396 399 400 401 401 402 402 403 403 404 409 409 410 413 414 415 416 417 417 418 418 418 
on                            267 359 368 401 409 
original                      270 271 280 
origins                       283 403 
ostrer                        285 413 
other                         369 417 
owns                          406 418 418 
oxford                        406 408 408 413 415 418 
palestine                     337 403 
palgrave                      341 396 
part                          325 348 
people                        265 270 271 280 284 284 295 391 413 415 
population                    301 302 
pp                            270 271 274 275 276 278 279 280 283 284 285 287 288 295 296 297 313 314 315 316 324 
practice                      295 295 
prentiss                      274 414 
press                         397 399 400 402 403 406 408 410 411 412 413 414 415 418 419 
private                       406 418 418 
problem                       398 409 
public                        348 406 418 418 
publishers                    369 409 
publishing                    284 401 
religion                      296 406 414 418 418 
religious                     267 284 295 295 295 295 296 
scheindlin                    283 415 
sense                         270 271 280 
shoup                         277 416 
smith                         324 417 
so                            279 295 296 
state                         279 366 400 410 
studies                       367 404 406 418 
sweet                         300 397 
that                          284 295 296 399 
the                           265 270 270 271 271 280 280 283 283 283 283 284 284 284 295 295 295 295 295 295 295 296 296 296 302 320 320 320 320 325 325 328 328 331 331 336 337 341 347 348 359 359 366 391 399 399 400 401 401 402 402 403 403 408 409 409 409 409 410 411 413 414 415 416 417 418 418 
times                         347 415 
to                            267 284 296 319 320 325 399 415 
tulea                         276 297 409 
twentieth                     325 409 
university                    336 337 397 399 400 402 403 406 408 409 410 411 412 413 414 415 418 418 419 
vol                           328 398 
volume                        406 418 418 
war                           325 348 
was                           279 295 
welhengama                    272 404 
were                          279 295 
who                           406 418 418 
wise                          275 418 
with                          267 295 400 
word                          270 271 280 
world                         301 302 411 
xix                           6 29 69 69 71 101 213 230 246 250 250 
xvi                           66 96 99 101 
xvii                          406 418 418 
xviii                         93 96 
xx                            34 65 73 93 93 98 99 230 242 251 385 
yee                           278 296 419 
york                          328 412 414 
А                            303 309 342 352 380 382 384 389 392 392 393 
Авраам                  13 306 
Авраама                2 19 47 49 
Аврааму                18 47 
Австралии            78 246 
Австралия            131 230 
Австрии                71 71 
Агапов                  334 338 340 388 
Азии                      93 96 242 246 255 
Америки                78 255 
Англии                  67 100 100 
Архивировано      264 265 266 267 286 290 298 301 302 305 310 317 319 325 326 327 331 335 336 337 342 343 344 347 348 352 353 354 355 357 359 360 361 362 363 365 366 367 368 369 370 389 
Африка                  59 135 
Африки                  71 78 242 
Б                            303 386 
Библии                  2 18 32 47 51 105 
Библия                  7 54 240 
Ближнего              242 392 
Бог                        48 48 48 49 49 
Бога                      29 51 
Богдана                66 67 
Богом                    2 47 48 
Богу                      51 241 
Большая                242 382 384 
Большинство        6 85 233 
Быт                        18 47 308 
В                            4 4 4 5 6 6 7 15 20 21 30 32 32 34 37 41 41 42 51 54 54 55 56 56 59 60 60 60 61 61 65 66 69 69 69 71 71 73 75 85 87 92 94 96 96 98 99 99 100 101 105 121 122 122 228 230 230 233 240 242 242 242 243 243 243 246 247 247 247 247 250 251 255 258 261 317 317 327 349 352 352 362 386 
ВЕК                        246 246 
Великобритания  84 86 128 230 
Венгрия                119 137 
Византии              64 99 
Во                          49 84 243 
Востока                242 392 
Восточная            65 243 
Восточной            67 242 250 
Всего                    110 120 
Втор                      48 308 
Второго                4 57 241 
Второй                  4 4 59 61 71 73 77 85 
Генеральной        85 85 
Германии              71 71 71 99 242 
Германия              65 132 
Гиюр                      39 40 
Господь                47 48 48 48 
Государства        36 36 80 
Государство        79 358 
Григоренко          323 389 
Д                            380 394 
Дата                      264 265 266 267 286 298 301 302 305 319 325 326 331 335 336 337 343 344 348 352 353 354 355 357 359 360 361 362 363 365 367 368 
Декларация          87 350 
Демография          102 351 364 
Для                        243 243 
Другие                  69 177 
Евреи                    1 4 17 50 50 92 99 123 215 235 375 376 380 381 382 383 393 394 
Еврейская            3 29 78 238 239 239 239 239 239 243 260 357 
Еврейские            95 227 244 245 360 362 
Еврейский            4 64 239 247 
Еврейское            74 86 111 239 246 
Европа                  65 177 394 
Европе                  81 101 250 251 
Европы                  67 67 77 78 84 111 213 242 250 
Евфрат                  4 50 
Египта                  13 49 49 
Египте                  13 59 
Жизнь                    375 376 
Закавказье          65 99 
Закон                    36 49 349 
Закону                  37 41 
Западной              67 78 111 251 
Земле                    4 64 66 66 83 87 101 240 241 
Земли                    4 67 
Землю                    32 49 66 69 70 71 241 
Земля                    2 5 47 60 66 240 240 291 293 385 
И                            48 48 329 352 383 393 
Иакова                  12 13 50 
Идея                      29 241 
Иерусалим            72 333 342 375 
Иерусалиме          54 101 
Иерусалимский    56 59 
Изд                        303 393 
Израиле                4 6 41 59 92 93 95 214 290 365 
Израиль                4 12 36 36 64 78 79 80 108 124 177 215 230 230 247 255 303 346 349 358 371 372 373 
Израиля                2 2 4 4 13 32 47 48 50 51 60 64 64 66 66 66 66 66 67 69 70 71 83 87 87 101 230 240 240 240 240 241 241 291 342 350 
Иисуса                  38 38 235 
Иллюстрированные375 376 
Информация          103 381 
Иран                      59 147 
Ирана                    246 255 
Иране                    93 93 242 
Испании                66 96 99 101 242 
Испания                116 138 
Истоки                  344 388 
Исторически        3 29 
История                4 43 44 46 346 391 
Италии                  71 99 101 242 
Италия                  115 144 
Иудаизм                232 384 386 
Иудеи                    14 29 51 
Иудейского          16 16 32 
Иудея                    4 56 61 107 
Иуды                      16 51 
К                            101 251 255 255 256 257 
Как                        70 84 250 
Канада                  127 230 
Количество          360 361 
Кроме                    30 230 
Курдистанское    65 92 
Л                            347 352 
Латинской            71 255 
Лига                      83 85 
Лилиен                  63 90 
Лункин                  311 312 386 
М                            303 303 309 310 310 346 347 375 380 381 382 384 385 386 386 388 390 392 394 394 395 
Мандата                84 86 344 
Месопотамии        13 47 59 
Мира                      360 362 
Мосты                    342 375 376 391 
Моше                      49 49 63 90 
Н                            303 327 
На                          2 18 50 83 
Наиболее              27 34 123 255 
Наряду                  60 73 
Наций                    83 85 
Нехотин                311 312 386 
Новая                    71 162 
Новейшее              372 373 
Нового                  83 229 243 
Нюрнбергские      34 318 
О                            105 303 317 395 
ООН                        85 85 86 87 87 344 
Общая                    5 243 386 
Общество              246 342 
Однако                  51 105 225 
Организованные  8 176 
Осипов                  382 384 
Османской            64 101 
Основная              10 26 40 44 46 70 80 89 227 232 238 245 
П                            309 385 
Палестину            83 84 85 
Палестины            84 85 85 344 
Пекер                    375 376 
Первая                  82 82 
Первого                32 53 
Писание                70 234 
По                          33 76 253 
Позднее                93 229 
Показать              263 378 
Португалии          66 67 242 
После                    16 64 77 78 81 84 100 101 
Потомки                13 99 
При                        51 84 
Прогресс              303 310 
Пэн                        68 249 
Римской                4 61 64 
Рождаемость        212 213 364 
России                  66 69 69 71 122 246 256 381 386 
Россия                  130 327 
С                            36 59 67 93 93 97 101 246 247 290 310 317 327 333 342 346 352 382 382 383 384 384 385 385 386 386 390 
СНГ                        246 247 
СССР                      77 122 246 246 247 247 247 247 259 261 303 388 
США                        71 71 77 125 177 230 251 251 255 
СанРемо                83 83 
Священная            114 234 
Священного          50 234 
Священное            70 234 
Северной              96 100 101 242 
Сионизм                70 83 294 
Сирии                    96 96 
Словарь                309 383 
Слово                    18 23 24 
См                          236 239 
Со                          4 51 
Согласно              2 13 27 49 70 225 233 241 
Среди                    81 261 
Средневековье    70 96 
Средней                93 255 
Стародуб              321 384 
Страна                  64 112 240 
Существует          5 19 
Т                            309 310 333 384 385 386 
Так                        66 251 
Талмуда                27 51 
Танах                    228 234 234 
Текст                    394 395 
Традиционное      29 251 
Три                        74 333 
У                            242 392 
Украины                66 360 362 
Фасмер                  303 310 
Франции                66 67 100 100 
Франция                113 126 
Х                            384 393 
Ханаан                  13 18 
Хвольсон              380 395 
Хмельницкого      66 67 
Холокоста            4 73 74 361 
Храма                    32 53 57 58 
Центральное        5 240 
Центральной        78 111 213 242 256 
Численность        8 121 177 351 365 
Членов                  268 269 289 321 382 384 
Э                            329 370 385 
ЭЕЭ                        291 292 294 
Электронной        306 307 318 330 350 351 358 364 371 372 373 374 
Электронный        382 384 
Эпоха                    53 57 
ЭрецИсраэль        2 70 240 292 
Эти                        34 51 
Этимологический303 310 
Этнические          88 89 
Этнонимы              9 10 
Это                        23 225 240 
Эфраим                  63 90 256 
Ю                            382 384 389 395 
ЮАР                        230 256 
Юдель                    68 249 
Южной                    71 78 95 96 96 
Я                            47 48 48 48 
Яков                      375 376 
Яхве                      51 51 
а                            4 21 29 30 32 33 33 37 51 67 69 69 69 70 71 84 87 87 225 242 246 
августа                265 317 335 337 343 348 355 366 
автономии            247 247 
авторитетов        29 70 241 
алия                      66 70 82 
амхарский            98 230 
англ                      15 22 265 266 286 301 302 319 331 336 337 343 348 359 363 367 368 369 397 398 399 400 401 402 405 406 407 408 409 410 411 412 413 414 415 416 418 419 
апреля                  83 266 301 331 335 336 343 344 
арабов                  84 85 
арабского            4 64 84 84 84 92 
арабы                    84 84 
арх                        382 384 
аспектов              3 30 70 
ассимиляции        99 250 
ашкеназы              225 242 
бавли                    91 91 
без                        74 87 
библейской          2 47 56 
биографические  375 376 
бнейИсраэль        1 12 
бога                      51 51 
более                    4 51 51 99 250 
большая                69 82 93 
большинство        84 84 251 
большую                4 61 213 
борьбе                  69 83 
браки                    32 32 
британское          84 85 
бывшие                  49 96 
был                        51 54 59 228 230 247 349 
была                      2 4 52 56 60 61 66 71 83 84 101 242 261 261 
были                      4 32 49 52 66 73 82 86 240 242 255 326 
было                      7 50 60 81 86 247 250 326 361 
бытовой                65 92 255 
быть                      36 38 
в                            2 2 3 3 3 4 4 4 4 4 4 4 4 5 5 6 6 6 6 8 8 8 8 8 8 11 13 16 18 18 22 23 23 23 23 23 24 28 28 29 29 29 29 29 29 30 30 30 30 32 32 32 33 33 33 33 35 35 36 36 36 37 38 38 38 41 41 41 46 47 47 47 47 47 48 49 49 50 51 51 51 51 52 54 55 55 55 56 58 59 59 59 59 59 60 60 61 64 64 64 65 66 66 66 66 66 66 66 66 66 67 67 67 67 67 67 67 69 69 69 70 70 70 70 70 70 70 70 70 70 70 70 71 71 71 71 71 71 71 71 73 73 74 75 77 77 78 81 81 81 81 82 82 83 83 83 83 83 83 83 83 84 84 84 84 84 85 86 86 86 86 87 90 91 91 91 92 93 93 93 93 93 93 93 94 95 95 95 95 95 96 96 96 99 99 99 100 101 101 101 101 101 101 101 103 105 105 105 105 111 111 121 121 122 122 122 122 122 123 176 213 213 213 213 214 214 215 228 229 229 229 230 230 233 233 234 235 235 239 240 240 240 240 240 240 240 240 240 240 240 241 241 241 241 241 241 241 242 242 242 242 242 242 242 243 243 243 243 243 243 243 246 246 246 246 247 247 247 247 247 250 250 250 250 251 251 251 251 251 251 254 255 255 255 255 255 255 256 256 256 256 256 260 260 260 261 290 303 335 349 349 361 365 371 371 372 373 374 380 382 384 385 388 388 
века                      29 34 52 65 66 69 69 71 91 93 93 96 98 99 101 101 213 228 230 242 246 250 
веках                    4 33 51 60 61 69 93 100 100 
веке                      6 38 54 58 96 99 121 230 242 
веков                    29 51 51 66 93 99 240 
веку                      93 250 251 
вера                      30 38 70 
вероисповедание21 37 
включает              5 59 243 243 246 247 
включающая          4 5 30 
включая                66 69 97 99 113 114 235 241 242 
власти                  29 71 86 87 
влияние                33 34 
вне                        16 16 
во                          1 4 4 13 49 50 58 69 73 
военного              76 326 
возвращении        36 241 349 
возвращения        2 32 69 70 
возрождения        70 78 
войне                    4 73 
войны                    77 91 
волна                    71 82 
воспринимали      29 84 
восстания            60 66 67 
восходит              22 23 51 52 
восходят              1 22 
вошли                    49 95 96 
вплоть                  4 64 122 
времени                4 4 51 55 59 67 83 93 99 229 393 
время                    2 4 5 30 34 36 49 49 70 70 73 84 122 371 372 373 
все                        32 49 246 247 
всегда                  51 81 
всего                    34 69 
всей                      29 214 240 243 
всех                      48 51 87 87 87 98 123 243 
всякий                  32 36 
всё                        24 250 
второй                  13 69 95 97 
входит                  6 243 
входят                  59 246 
выселили              4 61 
г                            111 111 111 111 355 371 372 373 
галута                  2 62 70 
гарантировала    87 87 
гг                          372 373 
где                        23 55 59 66 84 92 96 101 213 251 
геноцида              73 75 
гиюр                      28 41 41 41 
гиюра                    3 30 42 
гл                          382 384 
глазах                  33 33 
говорила              91 100 
говорили              98 99 99 101 
говорит                6 230 
говорящие            94 94 256 256 
год                        8 123 249 342 
года                      1 77 81 83 84 84 85 86 86 177 243 247 247 259 264 265 266 286 290 298 301 302 305 310 317 319 325 326 327 331 335 335 336 337 342 343 344 347 348 349 352 353 354 355 357 359 360 361 362 363 365 366 367 368 369 370 389 
годах                    4 60 61 66 71 111 
годов                    105 122 122 
году                      4 4 55 56 59 61 64 66 66 70 82 83 84 84 85 101 246 246 247 247 247 251 256 261 
годы                      4 52 73 77 84 247 388 
голову                  5 243 
городах                67 250 
городе                  93 255 
государств          67 85 
государства        4 36 51 64 64 70 78 83 83 84 87 87 230 290 346 
государствах      78 96 242 
государство        1 86 87 118 240 
готовятся            243 243 
греческого          15 99 
групп                    225 256 
группа                  93 93 97 100 101 255 
группу                  6 92 99 
группы                  19 60 65 66 70 88 89 93 93 96 101 225 252 256 257 
грядущего            2 241 
даже                      30 32 
дал                        48 49 
данные                  8 52 105 
двенадцать          13 50 
движения              4 61 70 70 240 244 245 364 
двух                      2 7 
декабря                265 342 369 
день                      86 241 
детей                    213 214 
деятельность      66 242 
джудиос                1 11 
диаспоре              65 81 229 240 243 371 372 373 
диаспору              4 59 
для                        42 70 83 85 87 242 242 389 
до                          4 4 4 4 4 13 13 13 29 32 32 50 50 51 51 51 51 52 54 54 55 55 56 58 59 59 60 60 61 64 70 71 85 86 91 95 97 98 99 101 105 121 122 122 229 242 360 361 371 371 
доля                      122 251 
доп                        303 380 
древнееврейский228 230 230 
древнееврейского15 22 392 
древности            4 105 
другие                  66 230 230 230 243 247 260 304 308 
другим                  51 255 
другими                78 326 
других                  6 67 96 225 246 
другое                  33 37 
другой                  233 243 250 
другую                  30 233 
евреев                  1 4 4 4 4 5 5 6 8 8 12 13 23 24 32 32 32 34 49 49 59 59 61 64 66 66 67 67 67 69 70 70 71 77 77 78 81 81 81 83 83 84 85 87 89 91 93 93 93 95 96 97 97 100 101 101 101 105 121 122 122 123 177 213 213 213 225 225 228 230 230 233 235 240 240 241 242 242 243 247 247 250 251 251 251 255 255 260 326 329 352 360 361 362 375 376 390 395 
евреем                  28 30 30 32 34 36 37 41 
евреи                    30 32 49 60 69 69 69 71 82 84 84 91 92 93 93 93 93 94 98 99 99 112 112 225 240 242 251 259 
еврей                    3 21 29 
еврейская            2 5 32 38 54 100 101 246 370 
еврейские            4 4 8 61 61 65 95 96 101 123 176 225 229 230 246 247 247 
еврейский            24 29 29 51 58 246 246 247 
еврейским            84 95 242 255 
еврейскими          24 86 250 250 
еврейских            6 55 55 66 67 69 84 99 99 246 247 247 
еврейскоарамейские92 230 
еврейского          2 2 4 29 32 32 36 44 46 47 49 51 54 56 59 60 64 66 69 76 83 84 85 87 87 87 99 105 121 230 234 240 240 240 240 241 242 242 246 247 250 256 257 290 364 391 
еврейское            1 27 234 240 247 250 
еврейской            3 3 5 5 7 7 29 30 30 30 38 41 51 56 65 71 105 229 230 235 240 240 241 247 247 247 255 306 307 317 318 330 350 351 358 364 371 372 373 374 
еврейском            29 35 55 90 250 
еврейскому          32 36 70 253 
еврейскую            4 30 59 81 84 84 
еврейства            25 29 29 33 34 38 75 351 
еврейство            28 242 
еврейству            33 33 36 
еврея                    32 233 349 
евреям                  2 30 41 49 84 261 
евреями                60 81 84 84 93 99 121 242 251 251 
европейских        67 69 81 225 250 
его                        29 32 70 87 214 326 342 
единого                51 51 84 
единство              29 29 
ему                        48 51 
если                      30 32 
есть                      12 18 51 105 
её                          2 66 70 104 214 246 
же                          5 30 34 36 51 
женщин                  5 41 243 
живут                    94 95 
живших                  13 81 
жизни                    75 214 240 
жителям                16 87 
за                          4 41 69 76 83 86 235 235 246 
завершения          77 371 
завоевания          4 64 92 
завоёвана            4 56 61 
замечательных    375 376 
замужних              5 243 
занимает              5 240 
запрет                  32 243 
затем                    32 51 69 98 99 
земле                    13 32 48 240 
земледельцев      4 50 
земли                    47 48 48 84 241 
землю                    47 47 48 81 
значительно        84 251 
значительной      4 52 
и                            1 1 2 2 2 3 3 3 3 4 4 4 4 4 4 5 5 5 5 5 5 5 5 5 7 7 8 13 13 15 16 18 22 22 23 23 23 24 24 29 29 29 29 29 29 29 29 29 29 29 30 30 30 30 30 30 32 32 32 32 32 32 32 32 33 33 34 37 41 41 41 41 42 47 48 48 48 48 48 49 50 50 51 51 51 51 51 52 52 55 55 55 56 58 59 59 59 59 59 60 60 60 60 60 61 64 65 66 66 66 66 66 66 66 67 67 67 67 69 69 69 69 69 70 70 70 70 70 70 70 71 71 71 73 73 75 75 76 77 78 78 83 84 84 84 84 84 85 85 86 86 87 87 87 87 87 87 87 87 91 92 93 93 93 94 96 96 96 96 97 98 99 99 99 99 99 99 99 100 100 100 101 101 101 101 101 102 104 105 111 111 114 116 225 229 229 230 230 230 230 233 234 234 235 239 240 240 240 241 242 242 242 242 242 242 242 242 242 242 243 243 243 243 243 243 243 243 244 245 246 246 246 247 247 247 247 247 250 250 250 250 250 251 251 251 253 255 255 255 255 255 256 256 256 256 256 256 256 256 257 260 260 260 303 303 304 308 317 326 327 335 342 342 344 351 352 360 362 375 376 379 380 380 381 387 392 394 
ивр                        1 1 1 12 41 82 234 234 234 264 353 
иври                      18 18 18 19 
иврит                    5 6 18 228 
иврита                  230 247 
иврите                  11 18 230 
идеи                      84 260 290 
идентичности      3 29 30 30 38 78 235 
идентичность      30 69 370 
идиш                      1 6 75 
идише                    11 230 
из                          2 6 8 12 13 13 18 23 32 32 47 47 48 48 49 51 51 55 64 66 66 66 66 66 66 66 67 67 70 70 71 73 77 77 77 84 91 91 93 96 99 99 99 100 101 228 240 241 242 243 246 247 256 256 256 256 266 306 307 318 326 330 350 351 352 357 358 361 364 368 371 372 373 374 
избавление          70 70 240 
известны              92 96 
известных            66 73 
изгнания              2 100 101 241 
изгнанных            48 48 
израилевых          256 256 
или                        16 23 28 29 30 33 36 41 66 70 70 87 91 92 98 243 243 243 243 243 243 255 255 256 
им                          32 70 75 87 
имеет                    29 242 243 
имеются                5 8 42 
иммиграции          82 84 365 
иммиграцию          84 84 
империей              4 61 
империи                64 101 
индийского          94 256 
интеграции          4 50 
информации          251 327 
иранские              93 93 
исп                        22 354 
использовать      23 243 
истории                213 214 240 240 247 
исторической      2 4 64 70 240 
историческую      81 87 
история                45 260 344 390 392 
итал                      22 23 
иудаизм                1 3 5 30 30 30 37 41 41 51 235 256 
иудаизма              5 5 29 29 30 33 42 49 49 51 69 69 230 233 233 240 241 242 247 255 256 
иудаизме              239 242 
иудеи                    1 11 
иудей                    3 15 21 29 
их                          2 4 4 8 16 48 48 48 64 66 70 73 76 93 96 213 242 246 251 255 255 
июля                      267 301 326 337 337 348 349 359 360 360 361 361 362 362 365 365 370 
июня                      325 354 357 359 
йехуди                  16 16 
йехудим                1 11 
йидн                      1 11 
к                            1 13 16 16 18 22 22 23 29 30 32 32 32 33 33 36 36 37 41 41 41 50 51 51 52 69 70 70 71 76 76 83 84 84 84 93 93 213 225 240 241 246 250 250 251 251 253 255 
как                        4 5 18 23 29 29 29 30 30 38 38 41 50 66 66 70 70 70 75 82 83 84 92 96 229 240 240 250 256 260 
какойлибо            16 29 
качестве              3 6 30 36 47 51 122 228 230 241 
кашрута                5 243 
когда                    32 82 
колен                    13 32 256 256 
колена                  16 256 256 
коллаборационистами4 73 
компактно            263 378 
конгресс              246 247 
контексте            70 240 
конференции        83 83 
конфессиональное29 233 
конфессиональной69 78 
конфликт              84 342 
конца                    59 246 
копия                    329 352 
которая                59 84 91 100 247 
которое                22 49 70 247 
которой                48 70 83 240 240 
которую                47 48 
которые                2 50 56 61 65 67 92 93 98 99 99 99 101 225 243 243 255 255 256 256 
который                30 41 59 83 91 229 246 246 
которых                6 6 48 65 70 243 326 
коэффициент        214 215 
крупные                123 235 
кто                        32 32 36 37 
культа                  51 51 
культур                52 381 
культура              2 5 5 52 52 75 237 238 243 254 
культуре              5 65 240 
культурной          60 93 229 
культурный          4 59 
культуры              5 5 7 7 52 69 240 242 247 250 255 255 342 375 376 383 391 
кухня                    239 243 
лат                        15 23 
лет                        4 49 347 
ли                          36 370 
либо                      18 242 
лишь                      32 225 365 
мандата                85 86 
марка                    259 261 
марках                  375 376 
марта                    266 305 354 357 
массовому            70 251 
массы                    84 250 
материальная      5 5 243 
материеврейки    33 37 
мая                        84 86 86 264 264 264 305 319 319 327 329 331 335 336 343 344 368 
между                    29 29 84 86 250 335 
мере                      52 66 70 
места                    304 308 
место                    5 240 
миллионов            4 73 77 326 
мир                        87 177 327 
мира                      8 32 70 74 84 123 176 230 246 333 
мире                      121 361 362 
мировоззрение    240 240 
мировой                4 71 73 77 
миру                      241 360 
млн                        8 74 121 177 
многих                  1 66 66 250 251 
может                    8 30 30 36 41 70 121 
мужчин                  5 41 41 243 
н                            4 4 4 4 4 13 13 32 50 50 51 51 51 52 54 54 55 56 58 59 59 60 60 61 61 61 65 91 93 93 95 97 99 105 
на                          2 4 6 8 11 11 11 13 27 29 29 29 32 32 32 32 32 33 34 34 41 48 49 49 50 58 63 64 66 69 70 78 78 81 83 83 83 83 84 85 85 86 86 86 87 87 87 87 87 87 91 91 92 93 93 93 93 94 94 94 94 96 97 98 98 99 99 99 99 99 100 100 101 101 101 177 213 213 214 228 229 230 230 230 230 230 230 230 240 242 243 243 243 243 255 255 255 255 255 256 256 256 256 256 256 329 349 375 376 
нагорье                65 92 
название              11 16 16 18 22 47 56 
названия              19 24 
называемые          34 253 
направления        69 243 
например              18 23 70 122 
народ                    29 51 240 371 372 373 
народа                  2 4 11 13 22 32 44 46 47 48 48 49 54 56 60 76 87 87 234 240 240 240 240 241 242 242 247 256 391 
народные              84 250 
народов                48 213 225 229 
народу                  2 36 70 253 
народы                  32 60 
население            74 111 250 
населения            32 55 84 85 99 105 121 230 251 355 355 364 
насильно              55 56 
насильственным  32 255 
настоящего          4 55 
настоящему          37 93 
науку                    24 260 
нации                    29 317 
национального    36 83 83 290 
национальное      1 70 
национальной      7 29 240 256 
национальность  21 122 122 
национальный      84 388 
нацистами            4 73 
нацистов              71 76 
начала                  29 70 99 122 213 
начало                  49 65 177 373 
начинает              47 60 
начинается          4 59 
нашей                    13 228 
не                          4 23 24 24 29 29 29 29 30 30 30 30 32 37 38 41 48 51 64 70 83 84 85 86 122 122 122 225 
неевреев              32 33 
независимости    64 87 350 
ней                        240 240 
некоторой            70 242 
нем                        15 22 303 
немецкими            4 73 
неразделимости  3 30 
неразличимы        3 29 
несколько            86 96 
неё                        4 73 
ним                        101 256 
них                        8 122 261 
но                          23 30 65 84 95 229 255 255 365 
новости                360 362 
нормы                    5 243 
ноября                  85 298 302 325 347 355 
о                            29 36 36 41 48 55 66 70 85 86 87 87 87 225 241 349 349 392 
оазисов                4 50 
обетованная        293 385 
обетованную        47 49 
образовали          13 99 
образование        60 84 
образования        83 87 251 
образом                22 49 
обращения            264 265 266 267 286 298 301 302 305 319 325 326 331 335 336 337 343 344 348 352 353 354 355 357 359 360 361 362 363 365 367 368 
обряд                    3 30 
обширную              4 59 
общая                    5 121 
общего                  70 240 
общественное      70 87 
общин                    29 55 247 247 
община                  32 32 246 357 
общине                  29 32 
общину                  81 242 
общины                  4 8 33 61 78 95 123 176 246 246 
общнас                  112 112 
общность              4 50 
общностью            69 69 
объединения        70 241 
обычно                  29 233 
обязанность        5 243 
один                      70 86 93 
однако                  4 64 242 
одним                    73 225 228 242 
одно                      12 33 
одного                  29 32 241 256 256 
одной                    64 99 214 250 
одну                      51 213 
около                    4 51 52 73 77 91 95 95 99 122 230 230 230 230 230 230 251 251 
окружающего        55 75 
октября                286 348 
он                          30 32 228 
она                        38 59 93 
они                        13 48 92 96 100 101 213 251 255 
определение        27 34 36 
определения        33 33 34 
определялась      32 33 
организации        244 245 247 
организаций        246 247 247 
оригинала            266 352 357 361 368 
освободительные4 61 
основании            32 83 
основано              7 50 
основе                  78 229 243 
основном              67 71 95 250 
основу                  7 240 
осознание            69 70 
от                          2 15 15 16 18 19 22 24 32 32 33 37 41 47 66 69 69 70 82 84 85 98 121 121 123 225 234 242 329 
отдельные            66 95 255 
открытках            375 376 
относятся            255 256 
отношений            84 388 
отца                      47 242 
отчасти                100 255 
оценивается        35 121 213 
очередь                15 22 23 32 
очерки                  375 376 
первые                  228 250 
перевод                41 393 
переписях            121 122 
переплетены        3 29 
переселились      77 96 
перешла                93 235 
перешли                98 256 
период                  32 51 60 94 105 235 
периода                51 52 
писал                    38 52 
план                      85 85 85 
племён                  1 13 19 50 51 240 240 
по                          35 41 41 49 65 66 66 70 76 85 96 99 123 225 241 242 242 246 247 250 250 327 344 352 360 395 
под                        24 52 70 70 84 303 391 
подвергались      60 99 
позднее                22 91 
покрывать            5 243 
пол                        15 23 
политического    66 83 
полностью            4 51 70 93 
полноты                29 242 
половине              13 69 213 
половины              95 97 
полуостров          59 65 
полуострове        99 255 
получившую          47 49 
получила              69 70 
получили              2 55 
понимается          29 70 
понятия                3 29 
поселения            95 101 
поскольку            29 49 
после                    2 4 32 64 92 104 241 246 247 
построен              54 59 
потерянных          55 256 256 
поток                    67 81 
потомкам              2 16 47 
потомками            255 255 256 256 
потомки                49 55 95 99 255 
почти                    2 4 24 29 93 246 
правительство    84 85 
право                    5 27 87 87 87 349 
православная      236 370 
праздник              58 243 
практически        64 84 
предание              47 392 
предшествовавшие4 73 
преимущественно67 77 91 
прекратил            4 64 
прекращалось      4 64 
преследований    66 84 
привели                51 76 
привёл                  32 84 
принадлежат        251 255 257 
принадлежности  16 29 30 33 36 36 
принадлежность  3 16 21 29 33 
принципиально    32 52 
принявший            3 30 
принятие              33 49 
присутствие        4 64 
причинам              33 250 
провозглашено    86 247 
продолжали          250 255 
проживала            100 101 242 
проживали            8 93 
проживание          4 241 
проживают            1 95 99 
проживающие        255 256 
происходит          13 15 18 22 22 41 51 
происхождения    19 35 240 
пророк                  49 95 
просто                  12 38 
против                  83 395 
протяжении          2 29 34 214 
прохождения        41 42 
процессы              51 69 
прошедший            3 30 41 
путём                    41 255 
раввин                  29 66 
разбили                4 61 
развитии              51 250 
развития              4 59 
разговорного      6 228 
раздела                85 85 
различия              5 29 29 87 
разных                  5 6 29 29 225 240 256 
разрушения          32 69 241 
разрушили            4 56 61 
рамках                  7 29 69 233 260 
ранее                    51 94 
раньше                  86 213 
распада                69 246 
распространены  55 230 
расселились        96 101 
рассматривается3 30 
регионах              5 247 
регионов              213 256 
ред                        303 309 382 384 386 391 
результате          4 32 50 60 75 242 
реки                      4 18 50 
религии                5 5 87 240 253 333 
религий                7 7 87 381 
религиозная        21 386 
религиозного      3 29 29 30 32 
религиозной        29 229 
религиозные        30 32 66 
религиозный        32 240 
религиозных        29 70 
религию                30 95 233 
религия                2 3 29 30 33 
ресурс                  382 384 
реформистском    42 242 
римляне                4 61 
родине                  4 64 70 
родства                47 242 242 
рождаемости        213 215 
рождённые            49 242 
рождённый            28 30 
рождённых            213 214 
роль                      51 229 
российская          382 384 
росту                    70 84 
рубеже                  50 66 
рус                        15 417 
русского              303 309 310 
русском                20 21 23 230 
ряд                        6 65 70 93 241 
ряде                      3 29 
с                            1 2 2 5 16 16 18 24 28 29 33 33 34 36 59 59 60 66 67 71 71 73 77 78 83 84 86 93 93 95 95 96 99 99 99 100 100 101 225 230 240 241 241 243 246 250 250 250 268 269 281 289 303 303 311 312 323 333 334 338 340 346 349 371 375 381 386 388 391 392 394 395 
самосознание      65 233 
самых                    29 73 
своего                  70 70 
своей                    36 48 69 85 
своих                    69 87 255 370 
свою                      15 22 23 30 84 122 
своём                    85 255 
связаны                29 99 
связи                    16 33 59 349 
связь                    16 48 240 
себя                      29 30 32 69 69 121 122 253 256 256 
семитоязычных    4 50 
сентября              267 298 302 326 367 
середина              65 66 372 
середине              71 91 
середины              13 95 97 101 230 242 
сефардов              99 101 
сефардский          101 230 
сефарды                96 101 
символический    4 59 
сионизма              70 71 83 
складывается      4 54 
скотоводовкочевников4 50 
следует                51 70 
словарь                303 310 380 
слово                    15 18 18 23 23 
сложилась            91 240 247 
сложились            4 7 50 65 96 
см                          6 317 349 
сменился              65 91 228 
смешанные            32 32 
соблюдать            41 255 
собой                    49 240 241 
собственно          18 93 
собственного      83 83 
современного      23 230 342 
современном        21 23 
согласно              8 47 49 50 52 225 
создание              69 83 247 
создания              4 4 64 70 83 84 
сообщество          3 29 
состав                  60 95 96 355 
составили            84 246 
составляли          84 84 251 
сохраняется        230 240 
сохраняют            65 92 93 255 
союзниками          4 73 83 
способствовало  70 251 
среди                    48 55 230 370 
средневековых    241 395 
среднего              4 50 
стала                    38 64 83 
стали                    7 70 86 96 101 
стало                    67 242 
статья                  10 26 40 44 46 80 89 227 232 238 245 306 307 318 330 350 351 358 364 371 372 373 374 
стер                      303 309 
стороны                18 250 
стран                    6 69 77 77 246 250 251 
странах                1 6 8 8 123 176 230 241 242 242 242 246 255 255 
стране                  32 83 123 
страну                  41 241 
страны                  67 71 71 87 123 178 
стремление          70 81 
существенно        81 121 
существование    4 64 
существует          1 6 240 255 370 
существуют          93 176 235 
сформировались  93 94 99 229 240 
считается            23 37 41 
считаются            242 255 256 
т                            303 303 380 380 382 382 384 384 
так                        22 34 41 83 84 84 243 250 253 
также                    1 1 4 6 11 12 19 30 33 34 37 60 67 69 69 70 71 77 87 93 230 236 239 242 246 246 250 256 
такие                    66 70 305 
твоего                  47 47 
твой                      48 48 
тебя                      48 48 48 
тем                        33 85 
территории          66 70 84 93 94 255 255 256 256 256 256 
территориях        99 100 
тесно                    3 3 29 29 
тех                        6 32 213 
течение                51 54 66 69 214 240 240 
течения                4 29 50 235 
то                          5 12 18 30 33 34 51 70 122 
того                      30 34 85 230 
только                  30 49 70 70 91 240 
том                        29 70 85 225 247 
тому                      15 387 
точек                    29 52 
традиции              2 3 30 41 47 49 50 56 242 243 
традиций              29 247 
традиционной      69 233 
традиционных      69 78 
тыс                        93 93 95 99 105 111 
тысяч                    4 71 77 
тысячелетии        4 50 
тысячелетия        13 13 13 50 54 59 91 95 97 
у                            32 41 91 213 213 213 
уже                        4 23 24 51 84 213 241 
украинского        23 23 
уничтожены          4 73 
употребляется    11 23 24 
урегулирования  83 342 
учения                  51 70 
февраля                104 290 353 367 368 
филателии            258 374 
форме                    51 70 229 230 256 
формирования      51 51 242 
фр                          15 22 
хаЛеви                  66 70 
халяби                  96 96 
хаскалы                69 69 
хлеб                      243 243 
ходе                      4 67 73 
храм                      4 54 56 59 61 
храма                    4 51 241 
христиан              91 234 365 
христианства      7 41 
царства                16 16 59 
царство                50 60 
целенаправленно4 73 
целью                    34 66 
ценности              7 240 
центр                    4 4 59 64 78 
части                    4 32 242 
частности            29 317 
часто                    29 240 256 
часть                    4 56 59 61 69 93 213 235 242 256 
чел                        74 93 93 95 95 99 177 
человек                3 8 28 30 41 121 
человека              30 70 
чем                        213 225 360 361 
через                    22 49 69 
числе                    66 85 247 
численности        105 121 251 
численность        84 102 121 
число                    8 93 97 214 246 
членами                29 32 
что                        23 24 29 33 35 41 51 51 52 69 70 70 70 76 83 84 85 225 242 256 
шести                    4 73 
широко                  243 260 
штата                    94 256 
э                            4 4 4 4 4 13 13 32 50 50 51 51 52 54 54 55 56 58 59 59 60 60 61 61 61 65 91 93 93 95 97 99 105 
эдот                      65 69 78 91 98 
экз                        385 388 391 
элементы              242 255 255 255 
элита                    84 242 
эмансипации        33 371 
эмиграции            71 81 247 
энциклопедии      105 306 307 318 330 350 351 358 364 371 372 373 374 
энциклопедия      382 384 385 
эпохи                    33 70 93 101 
эпоху                    81 255 
эры                        13 228 
эсхатологии        70 70 
эта                        2 213 240 
этим                      33 241 
этих                      7 8 52 98 99 
этническая          1 3 29 59 97 
этнический          4 64 
этнического        3 4 30 35 59 
этническое          225 233 
этнической          69 69 
этнолектах          99 101 101 
этнолекте            99 100 
это                        18 18 21 36 38 38 56 70 83 85 
этого                    29 30 32 34 59 67 70 104 
этой                      70 93 240 
этом                      84 103 
этот                      60 81 
юге                        94 255 
является              2 6 12 23 24 27 28 33 73 228 233 234 240 242 
являлась              66 70 
являются              30 34 230 233 251 256 
являющиеся          255 255 
язык                      5 22 24 60 92 101 228 229 230 230 230 309 
языка                    18 23 23 99 99 99 100 230 303 309 310 
языках                  6 23 98 
языке                    11 20 21 23 91 94 94 256 
языки                    227 229 230 230 230 
языков                  3 6 29 69 93 101 101 229 
языком                  6 87 228 230 
января                  286 310 352 352 353 363 363 382 384 389 
בְּנֵי                  1 1 12 
עבר                        18 18 
